4382
1457
3410
971
2430
39
3029
721
628
887
1287
2038
1578
3887
1988
2079
3036
3563
2871
3436
1431
312
1027
2210
3062
4542
3853
1888
2996
4312
1669
1499
4589
1606
4160
4526
1819
3831
1041
900
3175
731
670
219
3466
371
2029
4946
1036
4631
1193
335
3763
3201
112
1195
2791
4643
634
3526
4201
4957
3128
2399
2939
3868
2729
2094
1219
216
2490
4302
904
2224
33
1400
1126
2389
3882
1235
3227
2516
3004
3418
1436
3331
3424
2230
2218
757
4230
590
2795
1792
1758
3788
2228
79
2771
1248
4202
969
1829
3454
2964
3615
208
3721
3691
4489
4628
4435
256
159
3834
1982
1171
2839
2905
2539
3944
2524
3724
2249
3928
769
1433
4997
3076
4258
3696
4699
1652
922
255
2793
3903
2661
3924
808
1383
2086
2779
3113
4343
3243
1780
2687
3095
4157
2174
1286
2599
1956
1070
704
2857
3918
4479
732
4091
4698
405
6
4131
2150
3560
2643
2638
3020
606
4314
3657
593
4507
24
1798
1585
1925
3872
3109
3808
3864
3310
3408
2767
3590
2049
1425
3930
1309
4013
3115
2528
4940
4570
4663
3035
4602
1049
4253
1787
4706
1929
3278
3016
1981
895
3720
660
2978
2877
737
2989
2437
2152
3646
4714
4475
981
2545
154
3459
4094
3719
1677
1597
519
863
3240
4701
1872
1273
755
1497
3515
2499
1709
761
4407
3606
1093
1946
2569
2407
2438
1142
31
1723
4453
2510
1414
3557
2883
3330
3879
3203
179
3857
1832
4288
3665
4745
3186
780
2462
3519
1245
4379
415
4557
4862
3106
3848
3824
2980
1138
1583
4254
2326
3547
1350
555
678
2352
3442
2672
1159
2493
261
3742
4371
4638
4208
4391
1471
1545
2266
3338
12
1512
2321
2284
258
2191
4181
3495
276
3044
4943
4252
364
3972
2371
4505
1362
4143
1090
249
1062
1373
354
551
2976
3264
2579
3193
156
3507
4536
3022
2973
614
749
4039
4414
967
3756
4629
2594
641
471
572
3994
4197
3487
4072
2927
3635
3015
4919
4038
4222
1217
2234
4773
4537
2733
4931
1637
1913
4634
2245
4547
607
2112
3302
3932
650
3701
575
2592
1521
4996
3723
3335
2039
1817
280
4803
3172
4982
1152
2947
3995
2869
841
2359
3125
4625
697
4469
121
4600
4113
658
2480
3216
198
3965
3607
1680
2754
4837
4575
2235
3661
4581
4286
4370
4757
1037
2189
2373
311
2711
1236
4531
3328
4591
2635
2960
2253
4348
4
2658
288
1689
852
2988
3674
2489
2153
4034
3349
1994
432
4856
3149
810
2497
1249
55
886
4879
417
3010
695
3457
779
1908
360
2576
3838
3709
1069
1183
4467
4808
489
927
4826
1008
742
193
4067
2880
4027
4831
3687
4658
19
958
4811
2968
347
2505
3074
4558
3662
578
3376
765
1385
475
2303
613
2134
3141
2067
1881
2693
4323
3830
1620
4000
2679
3102
3922
4393
357
2162
2717
4133
3049
2071
4002
1334
4932
351
3603
1216
4647
3597
1793
2899
1066
78
2439
2267
4564
4541
2651
3213
374
2680
2982
2828
2932
4266
3871
4217
472
1713
3438
4009
4417
3332
150
1517
473
2974
2631
2778
4408
1251
1078
4052
1928
1969
542
4617
1349
2563
3148
3997
1390
2300
3308
2523
630
4194
3100
3909
2087
1507
3144
1867
2522
4627
2127
101
1828
2417
794
1825
824
2749
1021
4135
4404
3584
3261
440
2849
3690
4065
3901
4937
684
1488
2078
3743
4269
1025
3917
237
724
4199
3334
3461
803
525
26
1114
2217
1360
1648
2944
4440
197
2358
3257
591
89
3075
2634
1555
3346
4691
196
4339
823
2479
3803
576
713
3082
2320
4726
1241
377
4718
1042
4463
1546
2304
429
2073
937
4271
4898
2776
2715
4368
1600
4209
4035
2561
189
3744
4596
3486
115
4480
2626
3324
2031
4621
3171
4418
1439
3608
3531
1203
3896
603
3250
3473
3856
822
1336
3129
4279
1001
2659
2009
2013
412
1493
3895
1040
1116
2756
3481
4111
3591
3813
3034
1806
2615
2796
287
1998
3842
1060
3061
4138
1325
2691
4923
1111
3762
358
3580
3966
2080
4965
4567
2448
626
3638
935
1244
2548
2500
4583
3858
1551
143
885
1351
657
571
4700
4728
137
1665
4081
2714
4173
3060
1284
4722
2831
3427
566
4736
2893
1005
4461
263
3047
3081
1022
1544
4730
501
1530
2922
2810
251
4055
4053
1330
2483
1636
4179
4051
139
4162
330
3311
435
3815
2088
4090
1822
4325
1612
580
3654
1602
4884
4705
1282
3860
303
558
4334
4336
1910
959
3951
1892
4043
1717
1256
3962
3294
4037
4723
4579
4758
4987
4844
2735
1252
3800
2257
1514
3190
3357
3181
2187
222
162
2780
2034
2867
2889
1909
1118
1601
2385
84
1516
1871
3090
3280
4006
2286
273
2610
3844
2688
858
693
3275
1863
3136
4786
4731
750
2604
2757
4838
4539
2450
3192
4962
285
1104
4439
4016
2737
3822
682
3052
1605
2814
4792
3881
2555
3343
1840
4738
1880
2874
3198
386
3157
1732
1927
4490
1381
2283
2526
3676
775
4981
1642
649
1893
44
619
3032
326
4724
1941
617
1548
4653
3727
1960
4172
4709
3681
2801
2866
705
166
3735
4132
785
3859
1569
2902
383
4311
4451
2584
774
3464
2466
2938
352
792
862
690
4145
2412
2652
3775
589
4096
3923
3229
2937
4776
100
4198
1870
3715
662
1868
2498
3852
1752
321
1775
3369
4285
587
1031
4649
4825
4218
4139
1359
1262
4241
952
3752
1898
3812
2193
3984
3386
524
1745
843
3028
201
4938
426
2016
232
1188
4798
4124
4221
4729
3041
3122
418
1985
3372
3088
369
1651
1510
3617
2076
3553
3063
463
777
3942
4210
1644
1615
1834
3885
1611
1879
1110
673
773
3847
3506
903
1727
2787
492
484
2603
424
1567
3135
